day,dt,hours,closest_int,FI,Ts,ku,kf,SP,a,Ls,S,Sr,Rf,dz0_imp,imp_1_vs_exp_0,dz0_sum,dh0,dh0_sum,dhs,dhs_sum,dh,h,dz,z,idx,gradT_p,flux,Cq,root_1,root_2,pos_flux,neg_flux,wat_flux,seg_flux,xps
0,nan,0,nan,0,nan,nan,nan,nan,nan,nan,nan,nan,nan,nan,nan,0,0,0,0,0,0,0,0,0,nan,nan,nan,nan,nan,nan,nan,nan,nan,nan,nan
0.410082,9.84197,9.84197,0.18,16.7314,-1.7,1.48,1.48,0,0,1250,1,0,0,0.18,1,0.18,0,0,0,0,0,0,0.18,0.18,0,4.10366,5.09428,0.389379,0.265747,-0.363557,5.09428,27.9556,22.8613,0,0.05
1,14.158,24,0.5,40.8,-1.7,1.77,1.89,0,0,7897,1,52,0.121622,0.0151283,1,0.195128,0,0,0,0,0,0,0.0151283,0.195128,1,4.10366,5.09428,0.389379,0.0151283,-0.483991,5.09428,13.5325,8.43819,0,0.05
2,24,48,0.5,105.6,-2.7,1.77,1.89,0,0,7897,1,52,0.129626,0.0429412,1,0.23807,0,0,0,0,0,0,0.0429412,0.23807,1,4.10366,5.02137,0.389379,0.0429412,-0.548188,5.02137,19.1508,14.1295,0,0.05
3,24,72,0.5,105.6,0.8,1.77,1.89,0,0,7897,1,52,0.152346,-0.0319404,1,0.206129,0,0,0,0,0,0,-0.0319404,0.206129,1,4.10366,4.95016,0.389379,-0.0319404,-0.558973,4.95016,-5.55956,-10.5097,-0,0.05
4,24,96,0.5,204,-4.1,1.77,1.89,0,0,7897,1,52,0.135447,0.0665764,1,0.272706,0,0,0,0,0,0,0.0665764,0.272706,1,4.10366,4.88059,0.389379,0.0665764,-0.593397,4.88059,26.787,21.9064,0,0.05
5,24,120,0.5,391.2,-7.8,1.77,1.89,0,0,7897,1,52,0.170672,0.10485,1,0.377555,0,0,0,0,0,0,0.10485,0.377555,1,4.10366,4.8126,0.389379,0.10485,-0.764617,4.8126,39.3125,34.4999,0,0.05
6,24,144,0.5,489.6,-4.1,1.77,1.89,0,0,7897,1,52,0.226148,0.038311,1,0.415866,0,0,0,0,0,0,0.038311,0.415866,1,4.10366,4.74615,0.389379,0.038311,-0.907575,4.74615,17.352,12.6059,0,0.05
7,24,168,0.5,528,-1.6,1.77,1.89,0,0,7897,1,52,0.246419,0.00539284,1,0.421259,0,0,0,0,0,0,0.00539284,0.421259,1,4.10366,4.68117,0.389379,0.00539284,-0.951081,4.68117,6.45564,1.77447,0,0.05
8,24,192,0.5,528,0,1.77,1.89,0,0,7897,1,52,0.249272,-0.0140336,1,0.407225,0,0,0,0,0,0,-0.0140336,0.407225,1,4.10366,4.61763,0.389379,-0.0140336,-0.942248,4.61763,0,-4.61763,0,0.05
9,24,216,0.5,547.2,-0.8,1.77,1.89,0,0,7897,1,52,0.241847,-0.00375017,1,0.403475,0,0,0,0,0,0,-0.00375017,0.403475,1,4.10366,4.55547,0.389379,-0.00375017,-0.924275,4.55547,3.32151,-1.23396,0,0.05
10,24,240,0.5,729.6,-7.6,1.77,1.89,0,0,7897,1,52,0.239862,0.0752545,1,0.47873,0,0,0,0,0,0,0.0752545,0.47873,1,4.10366,4.49465,0.389379,0.0752545,-0.995595,4.49465,29.2565,24.7619,0,0.05
11,24,264,0.5,729.6,2.2,1.77,1.89,0,0,7897,1,52,0.27968,-0.0382833,1,0.440446,0,0,0,0,0,0,-0.0382833,0.440446,1,4.10366,4.43512,0.389379,-0.0382833,-1.03238,4.43512,-8.1617,-12.5968,-0,0.05
12,24,288,0.5,729.6,3,1.77,1.89,0,0,7897,1,52,0.259424,-0.0503487,1,0.390098,0,0,0,0,0,0,-0.0503487,0.390098,1,4.10366,4.37685,0.389379,-0.0503487,-0.943576,4.37685,-12.19,-16.5668,-0,0.05
13,24,312,0.5,729.6,15.5,1.77,1.89,0,0,7897,1,52,0.232784,-0.347675,1,0.0424225,0,0,0,0,0,0,-0.347675,0.0424225,1,4.10366,4.3198,0.389379,-0.347675,-0.545378,4.3198,-110.08,-114.4,-0,0.05
14,24,336,0.18,729.6,8.8,1.48,1.48,0,0,1250,1,0,0.0286639,-5.9764,0,0.01,0,0,0,0,0,0,-5.9764,0,0,4.10366,4.26392,0.389379,-5.9764,nan,4.26392,4.42125,-311.271,0,0.05
15,24,360,0.18,729.6,3.9,1.48,1.48,0,0,1250,1,0,0.00675676,-11.1631,0,0.01,0,0,0,0,0,0,-11.1631,0,0,4.10366,4.20919,0.389379,-11.1631,nan,4.20919,1.03598,-581.409,0,0.05
16,24,384,0.18,729.6,2,1.48,1.48,0,0,1250,1,0,0.00675676,-5.76299,0,0.01,0,0,0,0,0,0,-5.76299,0,0,4.10366,4.15556,0.389379,-5.76299,nan,4.15556,1.03082,-300.156,0,0.05
17,24,408,0.18,729.6,6.8,1.48,1.48,0,0,1250,1,0,0.00675676,-19.4017,0,0.01,0,0,0,0,0,0,-19.4017,0,0,4.10366,4.10301,0.389379,-19.4017,nan,4.10301,1.03851,-1010.5,0,0.05
17.1606,3.85323,411.853,0.18,744.242,-3.8,1.48,1.48,0,0,1250,1,0,0.00675676,0.17,1,0.18,0,0,0,0,0,0,0.17,0.17,0,4.10366,4.0515,0.389379,0.41672,-0.514509,4.0515,59.2,55.1485,0,0.05
18,20.1468,432,0.5,820.8,-3.8,1.77,1.89,0,0,7897,1,52,0.121622,0.0601517,1,0.240152,0,0,0,0,0,0,0.0601517,0.230152,1,4.10366,4.0515,0.389379,0.0601517,-0.530218,4.0515,27.6294,23.5779,0,0.05
19,24,456,0.5,907.2,-3.6,1.77,1.89,0,0,7897,1,52,0.153448,0.0531551,1,0.293307,0,0,0,0,0,0,0.0531551,0.283307,1,4.10366,4.00101,0.389379,0.0531551,-0.645348,4.00101,21.4912,17.4902,0,0.05
20,24,480,0.5,976.8,-2.9,1.77,1.89,0,0,7897,1,52,0.181572,0.0342251,1,0.327532,0,0,0,0,0,0,0.0342251,0.317532,1,4.10366,3.95149,0.389379,0.0342251,-0.732577,3.95149,15.213,11.2615,0,0.05
21,24,504,0.5,1048.8,-3,1.77,1.89,0,0,7897,1,52,0.199681,0.0319443,1,0.359476,0,0,0,0,0,0,0.0319443,0.349476,1,4.10366,3.90293,0.389379,0.0319443,-0.798599,3.90293,14.4139,10.511,0,0.05
22,24,528,0.5,1048.8,0.6,1.77,1.89,0,0,7897,1,52,0.216583,-0.0203507,1,0.339126,0,0,0,0,0,0,-0.0203507,0.329126,1,4.10366,3.8553,0.389379,-0.0203507,-0.810048,3.8553,-2.84093,-6.69622,-0,0.05
23,24,552,0.5,1048.8,2.9,1.77,1.89,0,0,7897,1,52,0.205815,-0.0578362,1,0.281289,0,0,0,0,0,0,-0.0578362,0.271289,1,4.10366,3.80856,0.389379,-0.0578362,-0.731719,3.80856,-15.2219,-19.0305,-0,0.05
24,24,576,0.5,1048.8,5.5,1.77,1.89,0,0,7897,1,52,0.175214,-0.13017,1,0.151119,0,0,0,0,0,0,-0.13017,0.141119,1,4.10366,3.7627,0.389379,-0.13017,-0.543573,3.7627,-39.0688,-42.8315,-0,0.05
25,24,600,0.18,1048.8,4.1,1.48,1.48,0,0,1250,1,0,0.102107,-0.842333,0,0.01,0,0,0,0,0,0,-0.842333,0,0,4.10366,3.7177,0.389379,-0.842333,nan,3.7177,22.4701,-43.8715,0,0.05
26,24,624,0.18,1065.6,-0.7,1.48,1.48,0,0,1250,1,0,0.00675676,0.155783,1,0.165783,0,0,0,0,0,0,0.155783,0.155783,0,4.10366,3.67352,0.389379,0.155783,-0.246315,3.67352,11.7872,8.11372,0,0.05
26.1502,3.60452,627.605,0.18,1069.2,-1,1.48,1.48,0,0,1250,1,0,0.112016,0.0142166,1,0.18,0,0,0,0,0,0,0.0142166,0.17,0,4.10366,3.63014,0.389379,0.0713521,-0.472618,3.63014,8.56027,4.93013,0,0.05
27,20.3955,648,0.5,1089.6,-1,1.77,1.89,0,0,7897,1,52,0.121622,0.0113484,1,0.191348,0,0,0,0,0,0,0.0113484,0.181348,1,4.10366,3.63014,0.389379,0.0113484,-0.480454,3.63014,8.02415,4.39401,0,0.05
28,24,672,0.5,1147.2,-2.4,1.77,1.89,0,0,7897,1,52,0.127626,0.0417006,1,0.233049,0,0,0,0,0,0,0.0417006,0.223049,1,4.10366,3.58754,0.389379,0.0417006,-0.53503,3.58754,17.3088,13.7212,0,0.05
29,24,696,0.5,1231.2,-3.5,1.77,1.89,0,0,7897,1,52,0.14969,0.0540844,1,0.287133,0,0,0,0,0,0,0.0540844,0.277133,1,4.10366,3.54571,0.389379,0.0540844,-0.630688,3.54571,21.3417,17.796,0,0.05
30,24,720,0.5,1442.4,-8.8,1.77,1.89,0,0,7897,1,52,0.178306,0.117133,1,0.404266,0,0,0,0,0,0,0.117133,0.394266,1,4.10366,3.50462,0.389379,0.117133,-0.80178,3.50462,42.0462,38.5416,0,0.05
31,24,744,0.5,1636.8,-8.1,1.77,1.89,0,0,7897,1,52,0.240281,0.0833142,1,0.48758,0,0,0,0,0,0,0.0833142,0.47758,1,4.10366,3.46425,0.389379,0.0833142,-1.0021,3.46425,30.8781,27.4139,0,0.05
32,24,768,0.5,1656,-0.8,1.77,1.89,0,0,7897,1,52,0.284363,-0.00184307,1,0.485737,0,0,0,0,0,0,-0.00184307,0.475737,1,4.10366,3.42459,0.389379,-0.00184307,-1.08346,3.42459,2.81814,-0.606445,0,0.05
33,24,792,0.5,1656,1.1,1.77,1.89,0,0,7897,1,52,0.283387,-0.0223372,1,0.4634,0,0,0,0,0,0,-0.0223372,0.4534,1,4.10366,3.38561,0.389379,-0.0223372,-1.05916,3.38561,-3.96428,-7.34988,-0,0.05
33.3543,8.50438,800.504,0.5,1745.3,-10.5,1.77,1.89,0,0,7897,0.94,52,0.271569,0.0365998,1,0.5,0,0,0,0,0,0,0.0365998,0.49,1,4.10366,3.34729,0.389379,0.0971715,-1.13387,3.34729,37.3332,33.9859,0,0.05
34,15.4956,816,0.75,1908,-10.5,2.1,2.49,0,0,14018,0.94,56,0.290934,0.0352473,1,0.535247,0,0,0,0,0,0,0.0352473,0.525247,2,4.10366,3.34729,0.389379,0.0352473,-1.4878,3.34729,35.2335,31.8862,0,0.05
35,24,840,0.75,2164.8,-10.7,2.1,2.49,0,0,14018,0.94,56,0.305089,0.0523783,1,0.587626,0,0,0,0,0,0,0.0523783,0.577626,2,4.10366,3.30963,0.389379,0.0523783,-1.57739,3.30963,33.9029,30.5933,0,0.05
36,24,864,0.75,2476.8,-13,2.1,2.49,0,0,14018,0.94,56,0.326125,0.0602047,1,0.64783,0,0,0,0,0,0,0.0602047,0.63783,2,4.10366,3.2726,0.389379,0.0602047,-1.68991,3.2726,38.4372,35.1646,0,0.05
37,24,888,0.75,2750.4,-11.4,2.1,2.49,0,0,14018,0.94,56,0.350303,0.048664,1,0.696494,0,0,0,0,0,0,0.048664,0.686494,2,4.10366,3.23619,0.389379,0.048664,-1.79872,3.23619,31.66,28.4239,0,0.05
38,24,912,0.75,2870.4,-5,2.1,2.49,0,0,14018,0.94,56,0.369847,0.0174493,1,0.713944,0,0,0,0,0,0,0.0174493,0.703944,2,4.10366,3.20038,0.389379,0.0174493,-1.86477,3.20038,13.3922,10.1918,0,0.05
39,24,936,0.75,2920.8,-2.1,2.1,2.49,0,0,14018,0.94,56,0.376855,0.00410066,1,0.718044,0,0,0,0,0,0,0.00410066,0.708044,2,4.10366,3.16516,0.389379,0.00410066,-1.88626,3.16516,5.56029,2.39513,0,0.05
40,24,960,0.75,2928,-0.3,2.1,2.49,0,0,14018,0.94,56,0.378502,-0.00399982,1,0.714045,0,0,0,0,0,0,-0.00399982,0.704045,2,4.10366,3.13051,0.389379,-0.00399982,-1.8863,3.13051,0.794284,-2.33623,0,0.05
40.6888,16.5323,976.532,0.75,3141.27,-12.9,2.1,2.49,0,0,14018,0.94,56,0.376895,0.0359555,1,0.75,0,0,0,0,0,0,0.0359555,0.74,2,4.10366,3.09643,0.389379,0.0517265,-1.93397,3.09643,33.5837,30.4872,0,0.05
40.8706,4.3633,980.896,0.8,3197.55,-12.9,0.03,0.03,0,0,649,0.94,1,0.391335,0.05,1,0.8,0,0,0,0,0,0,0.05,0.79,3,4.10366,3.09643,0.389379,0.0650124,-0.124122,3.09643,10.5335,7.43703,0,0.05
41,3.10441,984,1.1,3237.6,-12.9,2.1,2.49,0,0,14018,0.94,56,2.058,-0.000372884,1,0.799627,0,0,0,0,0,0,-0.000372884,0.789627,4,4.10366,7.9522,1,-0.000372884,-10.2502,7.9522,6.26844,-1.68376,0,0.05
42,24,1008,0.8,3432,-8.1,0.03,0.03,0,0,649,0.94,1,2.04557,-0.0482554,1,0.751372,0,0,0,0,0,0,-0.0482554,0.741372,3,4.10366,7.83024,0.995446,-0.0482554,-0.364041,7.83024,6.52534,-1.30491,0,0.05
43,24,1032,0.8,3465.6,-1.4,0.03,0.03,0,0,649,0.94,1,0.437058,0.000290898,1,0.751663,0,0,0,0,0,0,0.000290898,0.741663,3,4.10366,3.16022,0.406131,0.000290898,-0.143379,3.16022,3.16809,0.00786637,0,0.05
44,24,1056,0.8,3520.8,-2.3,0.03,0.03,0,0,649,0.94,1,0.446755,0.0126661,1,0.764329,0,0,0,0,0,0,0.0126661,0.754329,3,4.10366,3.15369,0.409684,0.0126661,-0.156095,3.15369,3.4962,0.342514,0,0.05
45,24,1080,0.8,3528,-0.3,0.03,0.03,0,0,649,0.94,1,0.86896,-0.0462318,1,0.718097,0,0,0,0,0,0,-0.0462318,0.708097,3,4.10366,4.29807,0.564368,-0.0462318,-0.164848,4.29807,3.04789,-1.25019,0,0.05
46,24,1104,0.75,3528,1,2.1,2.49,0,0,14018,0.94,56,0.378523,-0.00956927,1,0.708528,0,0,0,0,0,0,-0.00956927,0.698528,2,4.10366,2.93393,0.389379,-0.00956927,-1.8805,2.93393,-2.65533,-5.58925,-0,0.05
47,24,1128,0.75,3528,2.3,2.1,2.49,0,0,14018,0.94,56,0.37468,-0.0155682,1,0.692959,0,0,0,0,0,0,-0.0155682,0.682959,2,4.10366,2.90293,0.389379,-0.0155682,-1.85531,2.90293,-6.19022,-9.09315,-0,0.05
48,24,1152,0.75,3554.4,-1.1,2.1,2.49,0,0,14018,0.94,56,0.368428,0.000193369,1,0.693153,0,0,0,0,0,0,0.000193369,0.683153,2,4.10366,2.8724,0.389379,0.000193369,-1.83988,2.8724,2.98535,0.112943,0,0.05
49,24,1176,0.75,3748.8,-8.1,2.1,2.49,0,0,14018,0.94,56,0.368505,0.0321192,1,0.725272,0,0,0,0,0,0,0.0321192,0.715272,2,4.10366,2.84234,0.389379,0.0321192,-1.87214,2.84234,21.6026,18.7603,0,0.05
49.4933,11.8384,1187.84,0.75,3895.6,-12.4,2.1,2.49,0,0,14018,0.94,56,0.381404,0.0247281,1,0.75,0,0,0,0,0,0,0.0247281,0.74,2,4.10366,2.81273,0.389379,0.0494347,-1.95364,2.81273,32.0936,29.2809,0,0.05
49.6782,4.43764,1192.28,0.8,3950.62,-12.4,0.03,0.03,0,0,649,0.94,1,0.391335,0.05,1,0.8,0,0,0,0,0,0,0.05,0.79,3,4.10366,2.81273,0.389379,0.0808824,-0.15707,2.81273,10.1252,7.31245,0,0.05
50,7.72396,1200,1.1,4046.4,-12.4,2.1,2.49,0,0,14018,0.94,56,2.058,-0.000660093,1,0.79934,0,0,0,0,0,0,-0.000660093,0.78934,4,4.10366,7.22363,1,-0.000660093,-10.2522,7.22363,6.02565,-1.19798,0,0.05
51,24,1224,0.8,4308,-10.9,0.03,0.03,0,0,649,0.94,1,2.036,-0.0216373,1,0.777703,0,0,0,0,0,0,-0.0216373,0.767703,3,4.10366,7.0911,0.991939,-0.0216373,-0.362751,7.0911,6.50599,-0.585107,0,0.05
52,24,1248,0.8,4324.8,-0.7,0.03,0.03,0,0,649,0.94,1,1.31476,-0.0663625,1,0.71134,0,0,0,0,0,0,-0.0663625,0.70134,3,4.10366,5.1484,0.727696,-0.0663625,-0.202911,5.1484,3.35385,-1.79455,0,0.05
53,24,1272,0.75,4324.8,3.3,2.1,2.49,0,0,14018,0.94,56,0.375809,-0.0198632,1,0.691477,0,0,0,0,0,0,-0.0198632,0.681477,2,4.10366,2.72653,0.389379,-0.0198632,-1.85634,2.72653,-8.87524,-11.6018,-0,0.05
54,24,1296,0.75,4324.8,2.6,2.1,2.49,0,0,14018,0.94,56,0.367832,-0.0168343,1,0.674643,0,0,0,0,0,0,-0.0168343,0.664643,2,4.10366,2.69863,0.389379,-0.0168343,-1.81959,2.69863,-7.134,-9.83263,-0,0.05
55,24,1320,0.75,4324.8,2,2.1,2.49,0,0,14018,0.94,56,0.361071,-0.0141317,1,0.660511,0,0,0,0,0,0,-0.0141317,0.650511,2,4.10366,2.67114,0.389379,-0.0141317,-1.78858,2.67114,-5.58295,-8.25409,-0,0.05
56,24,1344,0.75,4334.4,-0.4,2.1,2.49,0,0,14018,0.94,56,0.355396,-0.00259703,1,0.657914,0,0,0,0,0,0,-0.00259703,0.647914,2,4.10366,2.64404,0.389379,-0.00259703,-1.7718,2.64404,1.12716,-1.51688,0,0.05
57,24,1368,0.75,4488,-6.4,2.1,2.49,0,0,14018,0.94,56,0.354353,0.0259922,1,0.683906,0,0,0,0,0,0,0.0259922,0.673906,2,4.10366,2.61733,0.389379,0.0259922,-1.79515,2.61733,17.7989,15.1816,0,0.05
58,24,1392,0.75,4572,-3.5,2.1,2.49,0,0,14018,0.94,56,0.364792,0.0118838,1,0.69579,0,0,0,0,0,0,0.0118838,0.68579,2,4.10366,2.59101,0.389379,0.0118838,-1.83298,2.59101,9.53216,6.94116,0,0.05
59,24,1416,0.75,4711.2,-5.8,2.1,2.49,0,0,14018,0.94,56,0.369564,0.0221585,1,0.717948,0,0,0,0,0,0,0.0221585,0.707948,2,4.10366,2.56505,0.389379,0.0221585,-1.86698,2.56505,15.5075,12.9424,0,0.05
60,24,1440,0.75,4833.6,-5.1,2.1,2.49,0,0,14018,0.94,56,0.378463,0.0184993,1,0.736448,0,0,0,0,0,0,0.0184993,0.726448,2,4.10366,2.53945,0.389379,0.0184993,-1.90759,2.53945,13.3446,10.8051,0,0.05
61,24,1464,0.75,4862.4,-1.2,2.1,2.49,0,0,14018,0.94,56,0.385893,0.00101666,1,0.737464,0,0,0,0,0,0,0.00101666,0.727464,2,4.10366,2.51422,0.389379,0.00101666,-1.92707,2.51422,3.10803,0.593812,0,0.05
61.3992,9.57993,1473.58,0.75,4940,-8.1,2.1,2.49,0,0,14018,0.94,56,0.386301,0.0125357,1,0.75,0,0,0,0,0,0,0.0125357,0.74,2,4.10366,2.48933,0.389379,0.0310667,-1.95911,2.48933,20.8324,18.343,0,0.05
61.727,7.86723,1481.45,0.8,5003.72,-8.1,0.03,0.03,0,0,649,0.94,1,0.391335,0.05,1,0.8,0,0,0,0,0,0,0.05,0.79,3,4.10366,2.48933,0.389379,0.0657318,-0.144522,2.48933,6.61403,4.12471,0,0.05
62,6.55285,1488,1.1,5056.8,-8.1,2.1,2.49,0,0,14018,0.94,56,2.058,-0.00114844,1,0.798852,0,0,0,0,0,0,-0.00114844,0.788852,4,4.10366,6.39306,1,-0.00114844,-10.2507,6.39306,3.9363,-2.45676,0,0.05
63,24,1512,0.8,5270.4,-8.9,0.03,0.03,0,0,649,0.94,1,2.01972,-0.0251567,1,0.773695,0,0,0,0,0,0,-0.0251567,0.763695,3,4.10366,6.24124,0.985975,-0.0251567,-0.326827,6.24124,5.56096,-0.680278,0,0.05
64,24,1536,0.8,5270.4,2,0.03,0.03,0,0,649,0.94,1,1.18117,-0.21994,0,0.553755,0,0,0,0,0,0,-0.21994,0.543755,3,4.10366,4.2543,0.678751,-0.21994,nan,4.2543,0.804991,-5.94754,0,0.05
65,24,1560,0.75,5491.2,-9.2,2.1,2.49,0,0,14018,0.88,56,0.312522,0.0448509,1,0.598606,0,0,0,0,0,0,0.0448509,0.588606,2,4.10366,2.41668,0.389379,0.0448509,-1.60535,2.41668,28.6133,26.1967,0,0.05
66,24,1584,0.75,5728.8,-9.9,2.1,2.49,0,0,14018,0.88,56,0.330535,0.0457942,1,0.6444,0,0,0,0,0,0,0.0457942,0.6344,2,4.10366,2.39311,0.389379,0.0457942,-1.69595,2.39311,29.1408,26.7477,0,0.05
67,24,1608,0.75,5858.4,-5.4,2.1,2.49,0,0,14018,0.88,56,0.348926,0.0221061,1,0.666506,0,0,0,0,0,0,0.0221061,0.656506,2,4.10366,2.36986,0.389379,0.0221061,-1.76381,2.36986,15.2817,12.9118,0,0.05
68,24,1632,0.75,5992.8,-5.6,2.1,2.49,0,0,14018,0.88,56,0.357804,0.0224444,1,0.688951,0,0,0,0,0,0,0.0224444,0.678951,2,4.10366,2.34692,0.389379,0.0224444,-1.80833,2.34692,15.4563,13.1094,0,0.05
69,24,1656,0.75,6098.4,-4.4,2.1,2.49,0,0,14018,0.88,56,0.366818,0.0163747,1,0.705325,0,0,0,0,0,0,0.0163747,0.695325,2,4.10366,2.32428,0.389379,0.0163747,-1.84711,2.32428,11.8885,9.56421,0,0.05
70,24,1680,0.75,6290.4,-8,2.1,2.49,0,0,14018,0.88,56,0.373394,0.0321177,1,0.737443,0,0,0,0,0,0,0.0321177,0.727443,2,4.10366,2.30194,0.389379,0.0321177,-1.89556,2.30194,21.0613,18.7594,0,0.05
70.3311,7.94564,1687.95,0.75,6365.88,-9.5,2.1,2.49,0,0,14018,0.88,56,0.386292,0.0125569,1,0.75,0,0,0,0,0,0,0.0125569,0.74,2,4.10366,2.27988,0.389379,0.0373986,-1.96504,2.27988,24.4333,22.1534,0,0.05
70.5779,5.92443,1693.87,0.8,6422.17,-9.5,0.03,0.03,0,0,649,0.88,1,0.391335,0.05,1,0.8,0,0,0,0,0,0,0.05,0.79,3,4.10366,2.27988,0.389379,0.0799403,-0.159818,2.27988,7.7572,5.47732,0,0.05
71,10.1299,1704,1.1,6518.4,-9.5,2.1,2.49,0,0,14018,0.88,56,2.058,-0.000895088,1,0.799105,0,0,0,0,0,0,-0.000895088,0.789105,4,4.10366,5.85517,1,-0.000895088,-10.2522,5.85517,4.61653,-1.23864,0,0.05
72,24,1728,0.8,6794.4,-11.5,0.03,0.03,0,0,649,0.88,1,2.02817,-0.00088843,1,0.798216,0,0,0,0,0,0,-0.00088843,0.788216,3,4.10366,5.73587,0.989069,-0.00088843,-0.332914,5.73587,5.71185,-0.0240246,0,0.05
72.0129,0.308784,1728.31,0.8,6800.27,-19,0.03,0.03,0,0,649,0.88,1,1.99855,0.00178352,1,0.8,0,0,0,0,0,0,0.00178352,0.79,3,4.10366,5.61897,0.978219,0.0461196,-0.373822,5.61897,9.36756,3.74859,0,0.05
73,23.6912,1752,1.1,7250.4,-19,2.1,2.49,0,0,14018,0.88,56,2.058,0.00588626,1,0.805886,0,0,0,0,0,0,0.00588626,0.795886,4,4.10366,5.74408,1,0.00588626,-10.2644,5.74408,9.22696,3.48288,0,0.05
74,24,1776,1.1,7656,-16.9,2.1,2.49,0,0,14018,0.88,56,2.06037,0.0042963,1,0.810183,0,0,0,0,0,0,0.0042963,0.800183,4,4.10366,5.6896,1,0.0042963,-10.2747,5.6896,8.19899,2.5094,0,0.05
75,24,1800,1.1,7999.2,-14.3,2.1,2.49,0,0,14018,0.88,56,2.06209,0.00222127,1,0.812404,0,0,0,0,0,0,0.00222127,0.802404,4,4.10366,5.6358,1,0.00222127,-10.2811,5.6358,6.93321,1.29741,0,0.05
76,24,1824,1.1,8246.4,-10.3,2.1,2.49,0,0,14018,0.88,56,2.06298,-0.00100915,1,0.811395,0,0,0,0,0,0,-0.00100915,0.801395,4,4.10366,5.58269,1,-0.00100915,-10.2822,5.58269,4.99326,-0.589426,0,0.05
77,24,1848,1.1,8493.6,-10.3,2.1,2.49,0,0,14018,0.88,56,2.06258,-0.000917742,1,0.810477,0,0,0,0,0,0,-0.000917742,0.800477,4,4.10366,5.53023,1,-0.000917742,-10.2802,5.53023,4.9942,-0.536038,0,0.05
78,24,1872,1.1,9045.6,-23,2.1,2.49,0,0,14018,0.88,56,2.06221,0.00969747,1,0.820174,0,0,0,0,0,0,0.00969747,0.810174,4,4.10366,5.47843,1,0.00969747,-10.2889,5.47843,11.1426,5.66413,0,0.05
79,24,1896,1.1,9544.8,-20.8,2.1,2.49,0,0,14018,0.88,56,2.0661,0.00793076,1,0.828105,0,0,0,0,0,0,0.00793076,0.818105,4,4.10366,5.42728,1,0.00793076,-10.3064,5.42728,10.0595,4.63223,0,0.05
80,24,1920,1.1,9928.8,-16,2.1,2.49,0,0,14018,0.88,56,2.06929,0.00402744,1,0.832133,0,0,0,0,0,0,0.00402744,0.822133,4,4.10366,5.37674,1,0.00402744,-10.3183,5.37674,7.7291,2.35236,0,0.05
81,24,1944,1.1,10521.6,-24.7,2.1,2.49,0,0,14018,0.88,56,2.07091,0.011278,1,0.843411,0,0,0,0,0,0,0.011278,0.833411,4,4.10366,5.32683,1,0.011278,-10.3335,5.32683,11.9141,6.58728,0,0.05
82,24,1968,1.1,10941.6,-17.5,2.1,2.49,0,0,14018,0.88,56,2.07544,0.00539314,1,0.848804,0,0,0,0,0,0,0.00539314,0.838804,4,4.10366,5.27752,1,0.00539314,-10.3501,5.27752,8.42757,3.15004,0,0.05
83,24,1992,1.1,11184,-10.1,2.1,2.49,0,0,14018,0.88,56,2.0776,-0.000628574,1,0.848175,0,0,0,0,0,0,-0.000628574,0.838175,4,4.10366,5.22881,1,-0.000628574,-10.3548,5.22881,4.86167,-0.36714,0,0.05
84,24,2016,1.1,11529.6,-14.4,2.1,2.49,0,0,14018,0.88,56,2.07735,0.00299482,1,0.85117,0,0,0,0,0,0,0.00299482,0.84117,4,4.10366,5.18068,1,0.00299482,-10.3571,5.18068,6.9299,1.74922,0,0.05
85,24,2040,1.1,12079.2,-22.9,2.1,2.49,0,0,14018,0.88,56,2.07855,0.0100559,1,0.861226,0,0,0,0,0,0,0.0100559,0.851226,4,4.10366,5.13312,1,0.0100559,-10.37,5.13312,11.0066,5.87347,0,0.05
86,24,2064,1.1,12588,-21.2,2.1,2.49,0,0,14018,0.88,56,2.08259,0.00870588,1,0.869932,0,0,0,0,0,0,0.00870588,0.859932,4,4.10366,5.08613,1,0.00870588,-10.3887,5.08613,10.1711,5.08496,0,0.05
87,24,2088,1.1,13024.8,-18.2,2.1,2.49,0,0,14018,0.88,56,2.08609,0.0062996,1,0.876231,0,0,0,0,0,0,0.0062996,0.866231,4,4.10366,5.03969,1,0.0062996,-10.4036,5.03969,8.71918,3.67949,0,0.05
88,24,2112,1.1,13512,-20.3,2.1,2.49,0,0,14018,0.88,56,2.08862,0.00807763,1,0.884309,0,0,0,0,0,0,0.00807763,0.874309,4,4.10366,4.9938,1,0.00807763,-10.4179,4.9938,9.71181,4.71801,0,0.05
89,24,2136,1.1,13675.2,-6.8,2.1,2.49,0,0,14018,0.88,56,2.09186,-0.00290512,1,0.881404,0,0,0,0,0,0,-0.00290512,0.871404,4,4.10366,4.94844,1,-0.00290512,-10.423,4.94844,3.2516,-1.69683,0,0.05
90,24,2160,1.1,13960.8,-11.9,2.1,2.49,0,0,14018,0.88,56,2.09069,0.00134836,1,0.882752,0,0,0,0,0,0,0.00134836,0.872752,4,4.10366,4.9036,1,0.00134836,-10.4214,4.9036,5.69115,0.787553,0,0.05
91,24,2184,1.1,14577.6,-25.7,2.1,2.49,0,0,14018,0.88,56,2.09124,0.0126954,1,0.895448,0,0,0,0,0,0,0.0126954,0.885448,4,4.10366,4.85928,1,0.0126954,-10.4354,4.85928,12.2744,7.41514,0,0.05
92,24,2208,1.1,14971.2,-16.4,2.1,2.49,0,0,14018,0.88,56,2.09633,0.00514287,1,0.90059,0,0,0,0,0,0,0.00514287,0.89059,4,4.10366,4.81547,1,0.00514287,-10.4531,4.81547,7.81933,3.00386,0,0.05
93,24,2232,1.1,15348,-15.7,2.1,2.49,0,0,14018,0.88,56,2.0984,0.00463363,1,0.905224,0,0,0,0,0,0,0.00463363,0.895224,4,4.10366,4.77215,1,0.00463363,-10.4628,4.77215,7.47858,2.70643,0,0.05
94,24,2256,1.1,15691.2,-14.3,2.1,2.49,0,0,14018,0.88,56,2.10026,0.00355607,1,0.90878,0,0,0,0,0,0,0.00355607,0.89878,4,4.10366,4.72932,1,0.00355607,-10.471,4.72932,6.80636,2.07704,0,0.05
95,24,2280,1.1,15792,-4.2,2.1,2.49,0,0,14018,0.88,56,2.10169,-0.00460159,1,0.904179,0,0,0,0,0,0,-0.00460159,0.894179,4,4.10366,4.68698,1,-0.00460159,-10.4698,4.68698,1.99927,-2.68771,0,0.05
96,24,2304,1.1,15792,0.8,2.1,2.49,0,0,14018,0.82,56,2.09984,-0.00860563,1,0.895573,0,0,0,0,0,0,-0.00860563,0.885573,4,4.10366,4.64511,1,-0.00860563,-10.4566,4.64511,-0.381295,-5.02641,-0,0.05
97,24,2328,1.1,15792,0.3,2.1,2.49,0,0,14018,0.82,56,2.09638,-0.00812713,1,0.887446,0,0,0,0,0,0,-0.00812713,0.877446,4,4.10366,4.60371,1,-0.00812713,-10.4398,4.60371,-0.143215,-4.74692,-0,0.05
98,24,2352,1.1,15900,-4.5,2.1,2.49,0,0,14018,0.82,56,2.09312,-0.00412956,1,0.883316,0,0,0,0,0,0,-0.00412956,0.873316,4,4.10366,4.56276,1,-0.00412956,-10.4274,4.56276,2.15075,-2.41201,0,0.05
99,24,2376,1.1,15981.6,-3.4,2.1,2.49,0,0,14018,0.82,56,2.09146,-0.00495791,1,0.878358,0,0,0,0,0,0,-0.00495791,0.868358,4,4.10366,4.52226,1,-0.00495791,-10.4183,4.52226,1.62643,-2.89583,0,0.05
100,24,2400,1.1,16353.6,-15.5,2.1,2.49,0,0,14018,0.82,56,2.08947,0.00502044,1,0.883379,0,0,0,0,0,0,0.00502044,0.873379,4,4.10366,4.48221,1,0.00502044,-10.4183,4.48221,7.41457,2.93236,0,0.05
101,24,2424,1.1,16612.8,-10.8,2.1,2.49,0,0,14018,0.82,56,2.09149,0.0012337,1,0.884612,0,0,0,0,0,0,0.0012337,0.874612,4,4.10366,4.44259,1,0.0012337,-10.4244,4.44259,5.16318,0.720583,0,0.05
102,24,2448,1.1,16977.6,-15.2,2.1,2.49,0,0,14018,0.82,56,2.09198,0.00489488,1,0.889507,0,0,0,0,0,0,0.00489488,0.879507,4,4.10366,4.40341,1,0.00489488,-10.4305,4.40341,7.26242,2.85901,0,0.05
103,24,2472,1.1,17109.6,-5.5,2.1,2.49,0,0,14018,0.82,56,2.09395,-0.00297436,1,0.886533,0,0,0,0,0,0,-0.00297436,0.876533,4,4.10366,4.36464,1,-0.00297436,-10.4324,4.36464,2.62737,-1.73727,0,0.05
104,24,2496,1.1,17356.8,-10.3,2.1,2.49,0,0,14018,0.82,56,2.09275,0.00101865,1,0.887552,0,0,0,0,0,0,0.00101865,0.877552,4,4.10366,4.32629,1,0.00101865,-10.4303,4.32629,4.92126,0.594975,0,0.05
105,24,2520,1.1,17599.2,-10.1,2.1,2.49,0,0,14018,0.82,56,2.09316,0.00091847,1,0.88847,0,0,0,0,0,0,0.00091847,0.87847,4,4.10366,4.28834,1,0.00091847,-10.4322,4.28834,4.82481,0.536463,0,0.05
106,24,2544,1.1,18139.2,-22.5,2.1,2.49,0,0,14018,0.82,56,2.09353,0.0111031,1,0.899573,0,0,0,0,0,0,0.0111031,0.889573,4,4.10366,4.2508,1,0.0111031,-10.4442,4.2508,10.736,6.48515,0,0.05
107,24,2568,1.1,18609.6,-19.6,2.1,2.49,0,0,14018,0.82,56,2.09799,0.00876721,1,0.90834,0,0,0,0,0,0,0.00876721,0.89834,4,4.10366,4.21366,1,0.00876721,-10.464,4.21366,9.33444,5.12078,0,0.05
108,24,2592,1.1,19236,-26.1,2.1,2.49,0,0,14018,0.82,56,2.10151,0.0140837,1,0.922424,0,0,0,0,0,0,0.0140837,0.912424,4,4.10366,4.1769,1,0.0140837,-10.4868,4.1769,12.4029,8.22604,0,0.05
109,24,2616,1.1,19848,-25.5,2.1,2.49,0,0,14018,0.82,56,2.10717,0.0136031,1,0.936027,0,0,0,0,0,0,0.0136031,0.926027,4,4.10366,4.14053,1,0.0136031,-10.5144,4.14053,12.0859,7.94535,0,0.05
110,24,2640,1.1,20457.6,-25.4,2.1,2.49,0,0,14018,0.82,56,2.11263,0.0135305,1,0.949558,0,0,0,0,0,0,0.0135305,0.939558,4,4.10366,4.10453,1,0.0135305,-10.5415,4.10453,12.0075,7.90295,0,0.05
111,24,2664,1.1,21100.8,-26.8,2.1,2.49,0,0,14018,0.82,56,2.11807,0.0146667,1,0.964224,0,0,0,0,0,0,0.0146667,0.954224,4,4.10366,4.06891,1,0.0146667,-10.5696,4.06891,12.6355,8.56658,0,0.05
112,24,2688,1.1,21460.8,-15,2.1,2.49,0,0,14018,0.82,56,2.12396,0.00517938,1,0.969404,0,0,0,0,0,0,0.00517938,0.959404,4,4.10366,4.03365,1,0.00517938,-10.5894,4.03365,7.05884,3.02519,0,0.05
113,24,2712,1.1,21638.4,-7.4,2.1,2.49,0,0,14018,0.82,56,2.12604,-0.000886518,1,0.968517,0,0,0,0,0,0,-0.000886518,0.958517,4,4.10366,3.99875,1,-0.000886518,-10.5936,3.99875,3.48095,-0.5178,0,0.05
114,24,2736,1.1,21643.2,-0.2,2.1,2.49,0,0,14018,0.82,56,2.12568,-0.00662586,1,0.961891,0,0,0,0,0,0,-0.00662586,0.951891,4,4.10366,3.9642,1,-0.00662586,-10.586,3.9642,0.0941465,-3.87006,0,0.05
115,24,2760,1.1,21655.2,-0.5,2.1,2.49,0,0,14018,0.82,56,2.12302,-0.00632505,1,0.955566,0,0,0,0,0,0,-0.00632505,0.945566,4,4.10366,3.93001,1,-0.00632505,-10.573,3.93001,0.235655,-3.69435,0,0.05
116,24,2784,1.1,21768,-4.7,2.1,2.49,0,0,14018,0.82,56,2.12048,-0.00287472,1,0.952692,0,0,0,0,0,0,-0.00287472,0.942692,4,4.10366,3.89616,1,-0.00287472,-10.5638,3.89616,2.21708,-1.67907,0,0.05
117,24,2808,1.1,21892.8,-5.2,2.1,2.49,0,0,14018,0.82,56,2.11932,-0.00241142,1,0.95028,0,0,0,0,0,0,-0.00241142,0.94028,4,4.10366,3.86265,1,-0.00241142,-10.5584,3.86265,2.45417,-1.40847,0,0.05
118,24,2832,1.1,22096.8,-8.5,2.1,2.49,0,0,14018,0.82,56,2.11836,0.000313244,1,0.950593,0,0,0,0,0,0,0.000313244,0.940593,4,4.10366,3.82947,1,0.000313244,-10.5563,3.82947,4.01243,0.18296,0,0.05
119,24,2856,1.1,22416,-13.3,2.1,2.49,0,0,14018,0.82,56,2.11848,0.00424416,1,0.954838,0,0,0,0,0,0,0.00424416,0.944838,4,4.10366,3.79662,1,0.00424416,-10.5608,3.79662,6.27556,2.47894,0,0.05
120,24,2880,1.1,22970.4,-23.1,2.1,2.49,0,0,14018,0.82,56,2.12019,0.0121877,1,0.967025,0,0,0,0,0,0,0.0121877,0.957025,4,4.10366,3.76409,1,0.0121877,-10.5772,3.76409,10.8827,7.11862,0,0.05
121,24,2904,1.1,23469.6,-20.8,2.1,2.49,0,0,14018,0.82,56,2.12508,0.010352,1,0.977377,0,0,0,0,0,0,0.010352,0.967377,4,4.10366,3.73188,1,0.010352,-10.5996,3.73188,9.7783,6.04641,0,0.05
122,24,2928,1.1,23856,-16.1,2.1,2.49,0,0,14018,0.82,56,2.12924,0.00660298,1,0.98398,0,0,0,0,0,0,0.00660298,0.97398,4,4.10366,3.69999,1,0.00660298,-10.6165,3.69999,7.55669,3.85669,0,0.05
123,24,2952,1.1,24163.2,-12.8,2.1,2.49,0,0,14018,0.82,56,2.13189,0.00399497,1,0.987975,0,0,0,0,0,0,0.00399497,0.977975,4,4.10366,3.66841,1,0.00399497,-10.6271,3.66841,6.0018,2.33339,0,0.05
124,24,2976,1.1,24247.2,-3.5,2.1,2.49,0,0,14018,0.76,56,2.13349,-0.0034175,1,0.984558,0,0,0,0,0,0,-0.0034175,0.974558,4,4.10366,3.63713,1,-0.0034175,-10.6276,3.63713,1.64103,-1.9961,0,0.05
125,24,3000,1.1,24465.6,-9.1,2.1,2.49,0,0,14018,0.76,56,2.13212,0.00113244,1,0.98569,0,0,0,0,0,0,0.00113244,0.97569,4,4.10366,3.60616,1,0.00113244,-10.6253,3.60616,4.26759,0.661437,0,0.05
126,24,3024,1.1,25003.2,-22.4,2.1,2.49,0,0,14018,0.76,56,2.13258,0.0118417,1,0.997532,0,0,0,0,0,0,0.0118417,0.987532,4,4.10366,3.57548,1,0.0118417,-10.6382,3.57548,10.492,6.91655,0,0.05
127,24,3048,1.1,25255.2,-10.5,2.1,2.49,0,0,14018,0.76,56,2.13733,0.00233956,1,0.999871,0,0,0,0,0,0,0.00233956,0.989871,4,4.10366,3.54509,1,0.00233956,-10.6523,3.54509,4.91159,1.3665,0,0.05
128,24,3072,1.1,25480.8,-9.4,2.1,2.49,0,0,14018,0.76,56,2.13827,0.00150742,1,1.00138,0,0,0,0,0,0,0.00150742,0.991379,4,4.10366,3.51499,1,0.00150742,-10.6561,3.51499,4.39545,0.880459,0,0.05
129,24,3096,1.1,25944,-19.3,2.1,2.49,0,0,14018,0.76,56,2.13888,0.00946823,1,1.01085,0,0,0,0,0,0,0.00946823,1.00085,4,4.10366,3.48518,1,0.00946823,-10.667,3.48518,9.01541,5.53023,0,0.05
130,24,3120,1.1,26116.8,-7.2,2.1,2.49,0,0,14018,0.76,56,2.14268,-0.000163186,1,1.01068,0,0,0,0,0,0,-0.000163186,1.00068,4,4.10366,3.45564,1,-0.000163186,-10.6763,3.45564,3.36033,-0.095314,0,0.05
131,24,3144,1.1,26176.8,-2.5,2.1,2.49,0,0,14018,0.76,56,2.14261,-0.00386788,1,1.00682,0,0,0,0,0,0,-0.00386788,0.996816,4,4.10366,3.42639,1,-0.00386788,-10.6722,3.42639,1.16722,-2.25916,0,0.05
132,24,3168,1.1,26558.4,-15.9,2.1,2.49,0,0,14018,0.76,56,2.14106,0.00688948,1,1.01371,0,0,0,0,0,0,0.00688948,1.00371,4,4.10366,3.3974,1,0.00688948,-10.6752,3.3974,7.42143,4.02403,0,0.05
133,24,3192,1.1,26889.6,-13.8,2.1,2.49,0,0,14018,0.76,56,2.14383,0.00524795,1,1.01895,0,0,0,0,0,0,0.00524795,1.00895,4,4.10366,3.36868,1,0.00524795,-10.6873,3.36868,6.43392,3.06524,0,0.05
134,24,3216,1.1,26983.2,-3.9,2.1,2.49,0,0,14018,0.76,56,2.14594,-0.00260647,1,1.01635,0,0,0,0,0,0,-0.00260647,1.00635,4,4.10366,3.34023,1,-0.00260647,-10.6899,3.34023,1.81783,-1.5224,0,0.05
135,24,3240,1.1,27172.8,-7.9,2.1,2.49,0,0,14018,0.76,56,2.14489,0.00063504,1,1.01698,0,0,0,0,0,0,0.00063504,1.00698,4,4.10366,3.31204,1,0.00063504,-10.6879,3.31204,3.68296,0.370916,0,0.05
136,24,3264,1.1,27609.6,-18.2,2.1,2.49,0,0,14018,0.76,56,2.14514,0.00889106,1,1.02587,0,0,0,0,0,0,0.00889106,1.01587,4,4.10366,3.28411,1,0.00889106,-10.6973,3.28411,8.47723,5.19312,0,0.05
137,24,3288,1.1,27861.6,-10.5,2.1,2.49,0,0,14018,0.76,56,2.14871,0.00278889,1,1.02866,0,0,0,0,0,0,0.00278889,1.01866,4,4.10366,3.25643,1,0.00278889,-10.709,3.25643,4.88537,1.62894,0,0.05
138,24,3312,1.1,27979.2,-4.9,2.1,2.49,0,0,14018,0.76,56,2.14983,-0.00162547,1,1.02704,0,0,0,0,0,0,-0.00162547,1.01704,4,4.10366,3.229,1,-0.00162547,-10.7101,3.229,2.27959,-0.949408,0,0.05
139,24,3336,1.1,27979.2,1.6,2.1,2.49,0,0,14018,0.76,56,2.14918,-0.00675718,1,1.02028,0,0,0,0,0,0,-0.00675718,1.01028,4,4.10366,3.20182,1,-0.00675718,-10.7016,3.20182,-0.74494,-3.94676,-0,0.05
140,24,3360,1.1,27979.2,0.9,2.1,2.49,0,0,14018,0.76,56,2.14647,-0.00615394,1,1.01413,0,0,0,0,0,0,-0.00615394,1.00413,4,4.10366,3.17488,1,-0.00615394,-10.6887,3.17488,-0.419535,-3.59442,-0,0.05
141,24,3384,1.1,28099.2,-5,2.1,2.49,0,0,14018,0.76,56,2.144,-0.00139669,1,1.01273,0,0,0,0,0,0,-0.00139669,1.00273,4,4.10366,3.14818,1,-0.00139669,-10.6811,3.14818,2.3324,-0.815786,0,0.05
142,24,3408,1.1,28228.8,-5.4,2.1,2.49,0,0,14018,0.76,56,2.14344,-0.00103095,1,1.0117,0,0,0,0,0,0,-0.00103095,1.0017,4,4.10366,3.12173,1,-0.00103095,-10.6786,3.12173,2.51956,-0.602162,0,0.05
143,24,3432,1.1,28228.8,2.6,2.1,2.49,0,0,14018,0.76,56,2.14302,-0.00737837,1,1.00432,0,0,0,0,0,0,-0.00737837,0.994319,4,4.10366,3.0955,1,-0.00737837,-10.6702,3.0955,-1.21408,-4.30958,-0,0.05
144,24,3456,1.1,28228.8,3.5,2.1,2.49,0,0,14018,0.76,56,2.14006,-0.00805744,1,0.996262,0,0,0,0,0,0,-0.00805744,0.986262,4,4.10366,3.06951,1,-0.00805744,-10.6547,3.06951,-1.63671,-4.70621,-0,0.05
145,24,3480,1.1,28228.8,4.2,2.1,2.49,0,0,14018,0.76,56,2.13682,-0.00857902,1,0.987683,0,0,0,0,0,0,-0.00857902,0.977683,4,4.10366,3.04374,1,-0.00857902,-10.638,3.04374,-1.96712,-5.01086,-0,0.05
146,24,3504,1.1,28228.8,3.5,2.1,2.49,0,0,14018,0.76,56,2.13338,-0.00797836,1,0.979705,0,0,0,0,0,0,-0.00797836,0.969705,4,4.10366,3.0182,1,-0.00797836,-10.6214,3.0182,-1.64182,-4.66003,-0,0.05
147,24,3528,1.1,28228.8,4.2,2.1,2.49,0,0,14018,0.76,56,2.13017,-0.00850245,1,0.971202,0,0,0,0,0,0,-0.00850245,0.961202,4,4.10366,2.99288,1,-0.00850245,-10.6049,2.99288,-1.97325,-4.96614,-0,0.05
148,24,3552,1.1,28228.8,5.4,2.1,2.49,0,0,14018,0.76,56,2.12676,-0.00943209,1,0.96177,0,0,0,0,0,0,-0.00943209,0.95177,4,4.10366,2.96779,1,-0.00943209,-10.5869,2.96779,-2.54134,-5.50913,-0,0.05
149,24,3576,1.1,28228.8,2.6,2.1,2.49,0,0,14018,0.76,56,2.12297,-0.00713671,1,0.954633,0,0,0,0,0,0,-0.00713671,0.944633,4,4.10366,2.9429,1,-0.00713671,-10.5703,2.9429,-1.22553,-4.16843,-0,0.05
150,24,3600,1.1,28228.8,1,2.1,2.49,0,0,14018,0.76,56,2.1201,-0.00580426,1,0.948829,0,0,0,0,0,0,-0.00580426,0.938829,4,4.10366,2.91824,1,-0.00580426,-10.5573,2.91824,-0.471934,-3.39017,-0,0.05
151,24,3624,1.1,28228.8,7.4,2.1,2.49,0,0,14018,0.76,56,2.11777,-0.010943,1,0.937886,0,0,0,0,0,0,-0.010943,0.927886,4,4.10366,2.89378,1,-0.010943,-10.5405,2.89378,-3.49787,-6.39165,-0,0.05
152,24,3648,1.1,28228.8,6.4,2.1,2.49,0,0,14018,0.76,56,2.11338,-0.0101026,1,0.927783,0,0,0,0,0,0,-0.0101026,0.917783,4,4.10366,2.86953,1,-0.0101026,-10.5194,2.86953,-3.03124,-5.90077,-0,0.05
153,24,3672,1.1,28303.2,-3.1,2.1,2.49,0,0,14018,0.76,56,2.10932,-0.00235495,1,0.925428,0,0,0,0,0,0,-0.00235495,0.915428,4,4.10366,2.84549,1,-0.00235495,-10.5069,2.84549,1.47,-1.37549,0,0.05
154,24,3696,1.1,28442.4,-5.8,2.1,2.49,0,0,14018,0.76,56,2.10837,-0.000121011,1,0.925307,0,0,0,0,0,0,-0.000121011,0.915307,4,4.10366,2.82165,1,-0.000121011,-10.5044,2.82165,2.75097,-0.0706808,0,0.05
155,24,3720,1.1,28528.8,-3.6,2.1,2.49,0,0,14018,0.7,56,2.10833,-0.00186649,1,0.923441,0,0,0,0,0,0,-0.00186649,0.913441,4,4.10366,2.79801,1,-0.00186649,-10.5024,2.79801,1.70782,-1.09019,0,0.05
156,24,3744,1.1,28564.8,-1.5,2.1,2.49,0,0,14018,0.7,56,2.10758,-0.00353136,1,0.91991,0,0,0,0,0,0,-0.00353136,0.90991,4,4.10366,2.77456,1,-0.00353136,-10.497,2.77456,0.711957,-2.06261,0,0.05
157,24,3768,1.1,28682.4,-4.9,2.1,2.49,0,0,14018,0.7,56,2.10616,-0.000727031,1,0.919183,0,0,0,0,0,0,-0.000727031,0.909183,4,4.10366,2.75132,1,-0.000727031,-10.4927,2.75132,2.32667,-0.424647,0,0.05
158,24,3792,1.1,28816.8,-5.6,2.1,2.49,0,0,14018,0.7,56,2.10587,-0.00011813,1,0.919064,0,0,0,0,0,0,-0.00011813,0.909064,4,4.10366,2.72827,1,-0.00011813,-10.4918,2.72827,2.65927,-0.0689978,0,0.05
159,24,3816,1.1,28903.2,-3.6,2.1,2.49,0,0,14018,0.7,56,2.10582,-0.00170451,1,0.91736,0,0,0,0,0,0,-0.00170451,0.90736,4,4.10366,2.7054,1,-0.00170451,-10.4899,2.7054,1.70983,-0.995577,0,0.05
160,24,3840,1.1,29023.2,-5,2.1,2.49,0,0,14018,0.7,56,2.10513,-0.000526405,1,0.916833,0,0,0,0,0,0,-0.000526405,0.906833,4,4.10366,2.68273,1,-0.000526405,-10.4876,2.68273,2.37526,-0.307464,0,0.05
161,24,3864,1.1,29121.6,-4.1,2.1,2.49,0,0,14018,0.7,56,2.10492,-0.00121935,1,0.915614,0,0,0,0,0,0,-0.00121935,0.905614,4,4.10366,2.66024,1,-0.00121935,-10.4859,2.66024,1.94804,-0.712199,0,0.05
162,24,3888,1.1,29138.4,-0.7,2.1,2.49,0,0,14018,0.7,56,2.10443,-0.00394666,1,0.911667,0,0,0,0,0,0,-0.00394666,0.901667,4,4.10366,2.63794,1,-0.00394666,-10.4806,2.63794,0.332756,-2.30518,0,0.05
163,24,3912,1.1,29138.4,1.2,2.1,2.49,0,0,14018,0.7,56,2.10285,-0.00545601,1,0.906211,0,0,0,0,0,0,-0.00545601,0.896211,4,4.10366,2.61581,1,-0.00545601,-10.4712,2.61581,-0.570952,-3.18676,-0,0.05
164,24,3936,1.1,29138.4,4.2,2.1,2.49,0,0,14018,0.7,56,2.10066,-0.0078666,1,0.898345,0,0,0,0,0,0,-0.0078666,0.888345,4,4.10366,2.59387,1,-0.0078666,-10.4578,2.59387,-2.00088,-4.59475,-0,0.05
165,24,3960,1.1,29138.4,5.9,2.1,2.49,0,0,14018,0.7,56,2.0975,-0.00922379,1,0.889121,0,0,0,0,0,0,-0.00922379,0.879121,4,4.10366,2.5721,1,-0.00922379,-10.4407,2.5721,-2.81536,-5.38746,-0,0.05
166,24,3984,1.1,29138.4,4.9,2.1,2.49,0,0,14018,0.7,56,2.09379,-0.00837662,1,0.880744,0,0,0,0,0,0,-0.00837662,0.870744,4,4.10366,2.55051,1,-0.00837662,-10.4231,2.55051,-2.34213,-4.89264,-0,0.05
167,24,4008,1.1,29138.4,0.2,2.1,2.49,0,0,14018,0.7,56,2.09043,-0.00449389,1,0.876251,0,0,0,0,0,0,-0.00449389,0.866251,4,4.10366,2.52909,1,-0.00449389,-10.4102,2.52909,-0.0957154,-2.62481,-0,0.05
168,24,4032,1.1,29138.4,8.7,2.1,2.49,0,0,14018,0.7,56,2.08862,-0.011433,1,0.864818,0,0,0,0,0,0,-0.011433,0.854818,4,4.10366,2.50784,1,-0.011433,-10.3942,2.50784,-4.17,-6.67785,-0,0.05
169,24,4056,1.1,29138.4,6.9,2.1,2.49,0,0,14018,0.7,56,2.08403,-0.0099315,1,0.854886,0,0,0,0,0,0,-0.0099315,0.844886,4,4.10366,2.48676,1,-0.0099315,-10.3728,2.48676,-3.31406,-5.80082,-0,0.05
170,24,4080,1.1,29256,-4.9,2.1,2.49,0,0,14018,0.7,56,2.08004,-0.000188483,1,0.854698,0,0,0,0,0,0,-0.000188483,0.844698,4,4.10366,2.46585,1,-0.000188483,-10.3627,2.46585,2.35576,-0.11009,0,0.05
171,24,4104,1.1,29328,-3,2.1,2.49,0,0,14018,0.7,56,2.07997,-0.00171643,1,0.852981,0,0,0,0,0,0,-0.00171643,0.842981,4,4.10366,2.4451,1,-0.00171643,-10.3607,2.4451,1.44257,-1.00254,0,0.05
172,24,4128,1.1,29328,5.4,2.1,2.49,0,0,14018,0.7,56,2.07928,-0.00860105,1,0.84438,0,0,0,0,0,0,-0.00860105,0.83438,4,4.10366,2.42452,1,-0.00860105,-10.3504,2.42452,-2.59921,-5.02373,-0,0.05
173,24,4152,1.1,29328,8.6,2.1,2.49,0,0,14018,0.7,56,2.07583,-0.0112168,1,0.833163,0,0,0,0,0,0,-0.0112168,0.823163,4,4.10366,2.40409,1,-0.0112168,-10.3305,2.40409,-4.14743,-6.55153,-0,0.05
174,24,4176,1.1,29328,11.6,2.1,2.49,0,0,14018,0.7,56,2.07132,-0.0136822,1,0.819481,0,0,0,0,0,0,-0.0136822,0.809481,4,4.10366,2.38383,1,-0.0136822,-10.3056,2.38383,-5.60773,-7.99156,-0,0.05
175,24,4200,1.1,29328,10.4,2.1,2.49,0,0,14018,0.7,56,2.06583,-0.0126767,1,0.806804,0,0,0,0,0,0,-0.0126767,0.796804,4,4.10366,2.36372,1,-0.0126767,-10.2792,2.36372,-5.04052,-7.40424,-0,0.05
176,24,4224,1.1,29328,9,2.1,2.49,0,0,14018,0.7,56,2.06073,-0.0114984,1,0.795306,0,0,0,0,0,0,-0.0114984,0.785306,4,4.10366,2.34377,1,-0.0114984,-10.255,2.34377,-4.37227,-6.71604,-0,0.05
177,24,4248,0.8,29328,5.7,0.03,0.03,0,0,649,0.7,1,1.90153,-0.191864,0,0.603442,0,0,0,0,0,0,-0.191864,0.593442,3,4.10366,2.19075,0.942674,-0.191864,nan,2.19075,4.39746,-5.18833,0,0.05
178,24,4272,0.75,29328,2.4,2.1,2.49,0,0,14018,0.7,56,0.332477,-0.0140003,1,0.589441,0,0,0,0,0,0,-0.0140003,0.579441,2,4.10366,0.897256,0.389379,-0.0140003,-1.64327,0.897256,-7.28011,-8.17737,-0,0.05
179,24,4296,0.75,29328,3.7,2.1,2.49,0,0,14018,0.7,56,0.326854,-0.0211593,1,0.568282,0,0,0,0,0,0,-0.0211593,0.558282,2,4.10366,0.889664,0.389379,-0.0211593,-1.6081,0.889664,-11.4691,-12.3588,-0,0.05
180,24,4320,0.75,29328,3.8,2.1,2.49,0,0,14018,0.7,56,0.318356,-0.022237,1,0.546045,0,0,0,0,0,0,-0.022237,0.536045,2,4.10366,0.882131,0.389379,-0.022237,-1.56469,0.882131,-12.1061,-12.9882,-0,0.05
181,24,4344,0.75,29328,9.4,2.1,2.49,0,0,14018,0.7,56,0.309426,-0.0554501,1,0.490595,0,0,0,0,0,0,-0.0554501,0.480595,2,4.10366,0.874654,0.389379,-0.0554501,-1.48699,0.874654,-31.5128,-32.3875,-0,0.05
182,24,4368,0.5,29328,13.8,1.77,1.89,0,0,7897,0.7,52,0.285958,-0.178266,1,0.31233,0,0,0,0,0,0,-0.178266,0.30233,1,4.10366,0.867233,0.389379,-0.178266,-0.90529,0.867233,-57.7896,-58.6568,-0,0.05
183,24,4392,0.5,29328,9.4,1.77,1.89,0,0,7897,0.7,52,0.191637,-0.214324,1,0.0980052,0,0,0,0,0,0,-0.214324,0.0880052,1,4.10366,0.859869,0.389379,-0.214324,-0.512678,0.859869,-69.6618,-70.5217,-0,0.05
184,24,4416,0.18,29328,5.9,1.48,1.48,0,0,1250,0.7,0,0.0662197,-1.72704,0,0.01,0,0,0,0,0,0,-1.72704,0,0,4.10366,0.852559,0.389379,-1.72704,nan,0.852559,11.4067,-89.9499,0,0.05
185,24,4440,0.18,29328,6.8,1.48,1.48,0,0,1250,0.76,0,0.00675676,-19.3391,0,0.01,0,0,0,0,0,0,-19.3391,0,0,4.10366,0.845305,0.389379,-19.3391,nan,0.845305,1.04187,-1007.25,0,0.05
186,24,4464,0.18,29328,6.8,1.48,1.48,0,0,1250,0.76,0,0.00675676,-19.339,0,0.01,0,0,0,0,0,0,-19.339,0,0,4.10366,0.838104,0.389379,-19.339,nan,0.838104,1.04188,-1007.24,0,0.05
187,24,4488,0.18,29328,6.7,1.48,1.48,0,0,1250,0.76,0,0.00675676,-19.0547,0,0.01,0,0,0,0,0,0,-19.0547,0,0,4.10366,0.830956,0.389379,-19.0547,nan,0.830956,1.04189,-992.431,0,0.05
188,24,4512,0.18,29328,11.6,1.48,1.48,0,0,1250,0.76,0,0.00675676,-32.9784,0,0.01,0,0,0,0,0,0,-32.9784,0,0,4.10366,0.823862,0.389379,-32.9784,nan,0.823862,1.0418,-1717.62,0,0.05
189,24,4536,0.18,29328,13.5,1.48,1.48,0,0,1250,0.76,0,0.00675676,-38.3773,0,0.01,0,0,0,0,0,0,-38.3773,0,0,4.10366,0.816819,0.389379,-38.3773,nan,0.816819,1.04178,-1998.82,0,0.05
190,24,4560,0.18,29328,10.9,1.48,1.48,0,0,1250,0.76,0,0.00675676,-30.989,0,0.01,0,0,0,0,0,0,-30.989,0,0,4.10366,0.809828,0.389379,-30.989,nan,0.809828,1.04182,-1614.01,0,0.05
191,24,4584,0.18,29328,10.3,1.48,1.48,0,0,1250,0.76,0,0.00675676,-29.2839,0,0.01,0,0,0,0,0,0,-29.2839,0,0,4.10366,0.802889,0.389379,-29.2839,nan,0.802889,1.04183,-1525.2,0,0.05
